
///////0b 0001 1100 1000 0011 0100 1000 0100 0001
///////0b                                100 0001
///////0b           1000 0011 0100 1000
///////
///////0b 0001 1100
///////
# 
/reg1//0b 0000 0000 0100 0101 0000 1010 0010 0110
///////0b 0001 1100
///////0b                               0010 0110
///////
///////0b 0001 1100                     0010 0110


/reg1//0b 0000 0000 0100 0101 0000 1010 0010 0110
///////0b           0100 0101 0000 1010
/reg2//0b 0011 0011 0000 0000 0000 0000 0000 0000
///////                       0000 0000 0000 0000 0000 0000
///////0b 1000 1010 0001 0100 0000 0000 0000 0000 0000 0000
///////
///////

/reg2//0b 0011 0011 0000 0000 0000 0000 0000 0000
/reg3//0b 0000 0000 0110 0001 0101 1001 1011 0011
/reg4//0b 0000 0001 0000 0000 0000 0000 0000 0000
///////0b 0011 0011
///////0b 0000 0000 0110 0001 0101 1001 1011 0011
///////0b           0000 0000 0000 0000 0000 0000

order_id
0b 0011 0011 0110 0001 0101 1001 1011 0011 0000 0000 0000 0000 0000 0000 0000 0000
0b 0011 0011
0b           0110 0001 0101 1001 1011 0011

0b 0000 0001 0000 0000 0000 0000 0000 0000


timestamp
0b 0000 0000 0100 0101 0000 1010 0010 0110
0b 0011 0011 0000 0000 0000 0000 0000 0000

0b           0100 0101 0000 1010